Adobe After Effects 8.0 Keyframe Data


  Units Per Second 29.97
  Source Width 100
  Source Height 100
  Source Pixel Aspect Ratio 1
  Comp Pixel Aspect Ratio 1


Transform Position
  Frame X pixels Y pixels Z pixels
  0 861.266 366.835 0
  13.03 448.861 555.949 0
  24.7662 813.418 781.519 0
  32.6825 1095.95 710.886 0
  43.8125 1376.2 1009.37 0
  58.7813 1604.05 508.101 0
  73.9813 1045.88 517.137 0
  73.9838 1045.82 517.215 0
  81.2425 861.266 366.835 0
  88.7575 808.861 487.595 0
  100.856 416.962 312.152 0
  117.62 562.785 911.392 0
  133.105 1095.95 710.886 0
  144.235 1376.2 1009.37 0
  159.204 1604.05 508.101 0
  177.205 1046.89 516.534 0
  183.689 1045.82 517.215 0
  190.228 808.861 487.595 0
  196.898 808.861 487.595 0
  208.995 416.962 312.152 0
  225.76 562.785 911.392 0
  240.316 1095.95 861.266 0
  257.158 1713.42 911.393 0
  277.516 1574.43 175.443 0
  297.478 1046.89 516.534 0
  303.961 1045.82 517.215 0
  310.5 808.861 487.595 0
  322.615 733.671 143.544 0
  333.274 416.962 312.152 0
  350.039 562.785 911.392 0
  364.595 1095.95 861.266 0
  381.435 1713.42 911.393 0
  401.795 1574.43 175.443 0
  421.756 1046.89 516.534 0
  428.73 1080 280.253 0
  439 733.671 143.544 0

  Frame Size
  0 10
  13.03 90
  439 5




End of Keyframe Data
