Adobe After Effects 8.0 Keyframe Data

	Units Per Second	12.5
	Source Width	1
	Source Height	1
	Source Pixel Aspect Ratio	1
	Comp Pixel Aspect Ratio	1

Transform	Rotation
	Frame	degrees	
	0	123.092	
	1	123.092	
	2	123.092	
	3	123.092	
	4	123.092	
	5	123.092	
	6	123.092	
	7	123.092	
	8	123.092	
	9	123.092	
	10	123.092	
	11	123.092	
	12	133.938	
	13	206.199	
	14	287.025	
	15	367.851	
	16	448.677	
	17	529.503	
	18	610.329	
	19	691.155	
	20	771.981	
	21	852.807	
	22	933.633	
	23	1014.46	
	24	1095.29	
	25	1176.11	
	26	1231.93	
	27	1218.67	
	28	1214.81	
	29	1219.57	
	30	1221.68	
	31	1207.6	
	32	1193.53	
	33	1180.4	
	34	1169.84	
	35	1159.28	
	36	1148.72	
	37	1145.03	
	38	1148.11	
	39	1159.08	
	40	1167.52	
	41	1170.61	
	42	1173.14	
	43	1179.42	
	44	1179.46	
	45	1179.46	
	46	1179.46	
	47	1183.46	
	48	95.2619	
	49	95.2619	
	50	95.2619	
	51	95.2619	
	52	95.2619	
	53	95.2619	
	54	95.2619	
	55	95.2619	
	56	95.2619	
	57	95.2619	
	58	95.2619	
	59	95.2619	
	60	95.2619	
	61	95.2619	
	62	95.2619	
	63	95.2619	
	64	67.4318	
	65	39.6017	
	66	73.3723	
	67	115.766	
	68	158.159	
	69	200.552	
	70	242.946	
	71	285.339	
	72	327.732	
	73	370.126	
	74	412.519	
	75	454.912	
	76	497.306	
	77	536.367	
	78	531.725	
	79	497.391	
	80	463.057	
	81	427.829	
	82	374.588	
	83	313.177	
	84	243.595	
	85	165.839	
	86	112.488	
	87	64.3059	
	88	38.0033	
	89	30.3026	
	90	22.6019	
	91	33.3474	
	92	78.2197	
	93	123.092	
	94	123.092	
	95	123.092	
	96	123.092	
	97	123.092	
	98	123.092	
	99	123.092	
	100	123.092	
	101	123.092	
	102	123.092	
	103	123.092	
	104	123.092	
	105	123.092	
	106	123.092	
	107	52.8285	
	108	-17.435	
	109	-29.5235	
	110	-22.2205	
	111	-14.9174	
	112	-7.61437	
	113	-0.311321	
	114	6.99173	
	115	14.2948	
	116	21.5978	
	117	28.9009	
	118	2.37879	
	119	-57.9685	
	120	-118.316	
	121	-178.663	
	122	-240.909	
	123	-324.887	
	124	-402.386	
	125	-451.955	
	126	-501.523	
	127	-512.963	
	128	-524.403	
	129	-528.417	
	130	-518.572	
	131	-507.131	
	132	-486.992	
	133	-471.74	
	134	-464.183	
	135	-104.183	
	136	-96.8119	
	137	-89.441	
	138	-82.0702	
	139	-74.6993	
	140	-67.3285	
	141	-59.9576	
	142	-52.5868	
	143	-45.216	
	144	-37.8451	
	145	-30.4743	
	146	-23.1034	
	147	-15.7326	
	148	-8.36173	
	149	-0.990889	
	150	6.37995	
	151	13.7508	
	152	21.1216	
	153	28.4925	
	154	35.8633	
	155	43.2342	
	156	50.605	
	157	57.9759	
	158	65.3467	
	159	72.7175	
	160	80.0884	
	161	87.4592	
	162	94.8301	
	163	102.201	
	164	109.572	
	165	116.943	
	166	124.313	
	167	131.684	
	168	139.055	
	169	146.426	
	170	153.797	
	171	161.168	
	172	168.539	
	173	175.909	
	174	183.28	
	175	190.651	
	176	198.022	
	177	205.393	
	178	212.764	
	179	220.134	
	180	227.505	
	181	234.876	
	182	242.247	
	183	249.618	
	184	256.989	
	185	264.359	
	186	271.73	
	187	279.101	
	188	286.472	
	189	293.843	
	190	301.214	
	191	308.585	
	192	315.955	
	193	323.326	
	194	350.096	
	195	347.675	
	196	284.101	
	197	220.528	
	198	172.282	
	199	176.993	
	200	185.704	
	201	201.603	
	202	217.502	
	203	233.4	
	204	249.299	
	205	265.198	
	206	290.217	
	207	319.221	
	208	326.077	
	209	361.22	
	210	396.364	
	211	431.507	
	212	466.651	
	213	522.486	
	214	589.056	
	215	655.625	
	216	724.158	
	217	813.221	
	218	914.311	
	219	1000.18	
	220	1016.53	
	221	1028.65	
	222	1023.14	
	223	1009.1	
	224	998.297	
	225	994.209	
	226	996.837	
	227	1006.18	
	228	1022.24	
	229	1045.01	
	230	1074.5	
	231	1110.71	
	232	1153.63	
	233	1198.64	
	234	1207.71	
	235	1208.03	
	236	1209.14	
	237	1216.94	
	238	1231.44	
	239	1246.74	
	240	1248.64	
	241	1252.59	
	242	1261.22	
	243	-178.782	
	244	-178.782	
	245	-178.782	
	246	-178.782	
	247	-178.782	
	248	-178.782	
	249	-178.782	
	250	-178.782	
	251	-178.782	
	252	-178.782	
	253	-178.782	
	254	-178.782	
	255	-178.782	
	256	-178.782	
	257	-178.782	
	258	-178.782	
	259	-178.782	
	260	-178.782	
	261	-178.782	
	262	-178.782	
	263	-178.782	
	264	-178.782	
	265	-178.782	
	266	-178.782	
	267	-178.782	
	268	-178.782	
	269	-133.716	
	270	-60.8125	
	271	12.0912	
	272	84.9949	
	273	161.385	
	274	258.375	
	275	348.137	
	276	420.224	
	277	492.311	
	278	564.398	
	279	636.485	
	280	708.572	
	281	780.659	
	282	852.746	
	283	924.833	
	284	996.92	
	285	1069.01	
	286	1141.09	
	287	1213.18	
	288	1285.27	
	289	1355.43	
	290	1425.16	
	291	1494.9	
	292	1567.83	
	293	1642.92	
	294	1718.01	
	295	1793.1	
	296	1868.19	
	297	1937.74	
	298	1977.54	
	299	2017.34	
	300	2057.15	
	301	2096.95	
	302	2136.75	
	303	2176.56	
	304	2216.36	
	305	2256.16	
	306	2295.96	
	307	2335.01	
	308	2351	
	309	2367	
	310	2382.99	
	311	2398.98	
	312	2414.98	
	313	2418.62	
	314	2414.45	
	315	2410.29	
	316	2411.32	
	317	2416.56	
	318	2418.92	
	319	2415.02	
	320	2404.85	
	321	2389.88	
	322	2381.99	
	323	2375.31	
	324	2375.31	
	325	2375.31	
	326	2375.31	
	327	2375.31	
	328	2375.31	
	329	2375.31	
	330	2375.31	
	331	2375.31	
	332	2375.31	
	333	2375.31	
	334	2375.31	
	335	2375.31	
	336	2375.31	
	337	2375.31	
	338	2375.31	
	339	2375.31	
	340	2375.31	
	341	2375.31	
	342	2375.31	
	343	2375.31	
	344	2375.31	
	345	2375.31	
	346	2375.31	
	347	-144.691	
	348	-144.691	
	349	-144.691	
	350	-144.691	
	351	-144.691	
	352	-144.691	
	353	-144.691	
	354	-144.691	
	355	-144.691	
	356	-144.691	
	357	-144.691	
	358	-143.055	
	359	-70.6584	
	360	1.73843	
	361	74.1353	
	362	154.227	
	363	234.32	
	364	314.412	
	365	394.504	
	366	474.596	
	367	554.688	
	368	634.78	
	369	714.872	
	370	714.872	
	371	714.872	

Transform	Position
	Frame	X pixels	Y pixels	Z pixels	
	0	-22.9497	-63.4109	0	
	1	-5.26331	-53.8299	0	
	2	12.4232	-37.8488	0	
	3	30.1096	-15.4678	0	
	4	47.7961	13.3133	0	
	5	65.4825	48.4943	0	
	6	83.1691	90.0753	0	
	7	100.855	138.056	0	
	8	118.542	192.437	0	
	9	136.228	253.218	0	
	10	153.915	320.4	0	
	11	171.601	393.981	0	
	12	193.403	455.469	0	
	13	227.068	433.151	0	
	14	254.451	412.002	0	
	15	281.833	397.252	0	
	16	309.216	388.903	0	
	17	336.599	386.953	0	
	18	363.981	391.404	0	
	19	391.364	402.255	0	
	20	418.747	419.505	0	
	21	446.13	443.156	0	
	22	473.513	473.206	0	
	23	500.896	509.657	0	
	24	528.279	552.507	0	
	25	555.661	601.758	0	
	26	568.171	638.428	0	
	27	542.402	631.233	0	
	28	536.567	635.273	0	
	29	547.346	649.548	0	
	30	554.094	666.323	0	
	31	541.487	669.732	0	
	32	528.879	679.542	0	
	33	520.008	686.989	0	
	34	519.85	680.183	0	
	35	519.693	679.776	0	
	36	519.535	685.77	0	
	37	521.488	689.556	0	
	38	525.025	692.354	0	
	39	529.707	694.476	0	
	40	531.492	694.001	0	
	41	529.182	695.183	0	
	42	530.377	695.382	0	
	43	533.113	696.405	0	
	44	533.109	696.232	0	
	45	533.102	696.139	0	
	46	533.099	696.085	0	
	47	533.098	696.054	0	
	48	533.098	696.054	0	
	49	533.811	694.095	0	
	50	535.628	689.103	0	
	51	538.228	681.962	0	
	52	541.417	673.2	0	
	53	545.054	663.208	0	
	54	549.038	652.26	0	
	55	553.278	640.61	0	
	56	557.671	628.542	0	
	57	562.071	616.453	0	
	58	566.037	605.557	0	
	59	598.975	521.46	0	
	60	631.913	443.763	0	
	61	664.852	372.466	0	
	62	697.79	307.569	0	
	63	737.324	262.578	0	
	64	776.858	223.986	0	
	65	816.392	191.794	0	
	66	816.833	170.838	0	
	67	812.887	157.246	0	
	68	808.941	150.055	0	
	69	804.995	149.263	0	
	70	801.048	154.872	0	
	71	797.102	166.88	0	
	72	793.156	185.289	0	
	73	789.209	210.097	0	
	74	785.263	241.306	0	
	75	781.317	278.914	0	
	76	777.37	322.923	0	
	77	771.139	371.902	0	
	78	751.151	408.837	0	
	79	724.984	438.47	0	
	80	698.818	474.504	0	
	81	671.7	515.936	0	
	82	641.109	555.667	0	
	83	608.621	597.877	0	
	84	574.234	642.565	0	
	85	537.947	689.729	0	
	86	521.719	675.476	0	
	87	508.652	657.687	0	
	88	506.043	655.846	0	
	89	511.567	666.962	0	
	90	517.09	684.479	0	
	91	526.092	690.103	0	
	92	526.092	690.103	0	
	93	526.866	688.126	0	
	94	528.838	683.089	0	
	95	531.66	675.883	0	
	96	535.122	667.042	0	
	97	539.069	656.96	0	
	98	543.395	645.914	0	
	99	547.998	634.159	0	
	100	552.766	621.982	0	
	101	557.542	609.784	0	
	102	561.847	598.79	0	
	103	597.603	513.877	0	
	104	633.358	435.364	0	
	105	669.113	363.252	0	
	106	704.869	297.539	0	
	107	749.001	275.792	0	
	108	792.266	259.782	0	
	109	794.289	253.591	0	
	110	783.876	255.288	0	
	111	773.464	263.384	0	
	112	763.051	277.88	0	
	113	752.638	298.777	0	
	114	742.224	326.073	0	
	115	731.812	359.77	0	
	116	721.399	399.866	0	
	117	710.986	446.363	0	
	118	692.655	482.929	0	
	119	666.406	509.564	0	
	120	640.157	542.599	0	
	121	613.909	582.035	0	
	122	586.474	626.386	0	
	123	554.721	667.268	0	
	124	527.896	687.906	0	
	125	513.505	668.26	0	
	126	499.114	655.015	0	
	127	500.741	660.457	0	
	128	502.368	672.3	0	
	129	506.032	681.773	0	
	130	512.385	683.73	0	
	131	519.366	689.782	0	
	132	527.956	693.68	0	
	133	532.457	693.356	0	
	134	531.674	693.064	0	
	135	531.674	693.064	0	
	136	532.622	690.982	0	
	137	535.067	685.609	0	
	138	538.595	677.855	0	
	139	542.956	668.273	0	
	140	547.971	657.252	0	
	141	553.492	645.121	0	
	142	559.417	632.102	0	
	143	565.633	618.442	0	
	144	572.008	604.434	0	
	145	578.338	590.524	0	
	146	584.021	578.036	0	
	147	610.194	523.723	0	
	148	636.368	469.408	0	
	149	662.542	418.294	0	
	150	688.715	367.18	0	
	151	741.062	271.352	0	
	152	793.409	181.924	0	
	153	845.756	98.8964	0	
	154	898.103	22.2684	0	
	155	950.45	-47.9595	0	
	156	1402.8	-231.788	0	
	157	1402.8	-231.788	0	
	158	1402.8	-231.788	0	
	159	1402.8	-231.788	0	
	160	1402.8	-231.788	0	
	161	1402.8	-231.788	0	
	162	1402.8	-231.788	0	
	163	1402.8	-231.788	0	
	164	1402.8	-231.788	0	
	165	1402.8	-231.788	0	
	166	1402.8	-231.788	0	
	167	1402.8	-231.788	0	
	168	1402.8	-231.788	0	
	169	1402.8	-231.788	0	
	170	1402.8	-231.788	0	
	171	1402.8	-231.788	0	
	172	1402.8	-231.788	0	
	173	1402.8	-231.788	0	
	174	1402.8	-231.788	0	
	175	1402.8	-231.788	0	
	176	1402.8	-231.788	0	
	177	1402.8	-231.788	0	
	178	1402.8	-231.788	0	
	179	1402.8	-231.788	0	
	180	1402.8	-231.788	0	
	181	1402.8	-231.788	0	
	182	1402.8	-231.788	0	
	183	1402.8	-231.788	0	
	184	1402.8	-231.788	0	
	185	1402.8	-231.788	0	
	186	1402.8	-231.788	0	
	187	1402.8	-231.788	0	
	188	1402.8	-231.788	0	
	189	1402.8	-231.788	0	
	190	1402.8	-231.788	0	
	191	1402.8	-231.788	0	
	192	1402.8	-231.788	0	
	193	1953.08	-49.2583	0	
	194	1943.68	0.233307	0	
	195	1926.49	41.364	0	
	196	1895.27	59.7056	0	
	197	1864.05	84.4471	0	
	198	1846.04	106.243	0	
	199	1869.8	103.727	0	
	200	1882.13	100.041	0	
	201	1876.11	90.8274	0	
	202	1870.08	88.0138	0	
	203	1864.05	91.6001	0	
	204	1858.02	101.586	0	
	205	1851.99	117.973	0	
	206	1856.09	134.264	0	
	207	1866.69	150.335	0	
	208	1866.54	170.696	0	
	209	1878.14	185.392	0	
	210	1889.73	206.487	0	
	211	1901.32	233.982	0	
	212	1912.92	267.878	0	
	213	1931.4	298.466	0	
	214	1952.21	331.133	0	
	215	1973.03	370.199	0	
	216	1995.23	414.319	0	
	217	2025.34	452.911	0	
	218	2061.89	488.446	0	
	219	2087.16	517.254	0	
	220	2065.3	495.84	0	
	221	2046.32	479.59	0	
	222	2035.73	467.834	0	
	223	2029.68	461.119	0	
	224	2026.3	457.359	0	
	225	2025.02	455.934	0	
	226	2025.85	456.845	0	
	227	2028.78	460.091	0	
	228	2033.83	465.672	0	
	229	2040.98	473.588	0	
	230	2050.24	483.839	0	
	231	2061.61	496.424	0	
	232	2075.1	511.344	0	
	233	2087.23	524.37	0	
	234	2080.06	516.212	0	
	235	2077.35	513.213	0	
	236	2077.7	513.6	0	
	237	2080.17	516.333	0	
	238	2084.76	521.414	0	
	239	2087.11	523.758	0	
	240	2085.09	522.332	0	
	241	2086.33	523.707	0	
	242	2088.33	525.614	0	
	243	2088.33	525.614	0	
	244	2089.34	523.78	0	
	245	2091.86	519.249	0	
	246	2095.37	512.912	0	
	247	2099.59	505.3	0	
	248	2104.33	496.761	0	
	249	2109.41	487.613	0	
	250	2114.61	478.227	0	
	251	2119.38	469.643	0	
	252	2134.9	444.858	0	
	253	2150.42	420.073	0	
	254	2165.95	398.487	0	
	255	2181.47	376.902	0	
	256	2212.52	340.132	0	
	257	2243.57	309.761	0	
	258	2274.62	285.791	0	
	259	2305.67	268.22	0	
	260	2336.72	257.05	0	
	261	2367.77	252.279	0	
	262	2398.82	253.909	0	
	263	2429.87	261.938	0	
	264	2460.92	276.368	0	
	265	2491.97	297.197	0	
	266	2523.02	324.427	0	
	267	2554.07	358.056	0	
	268	2585.12	398.086	0	
	269	2618.97	422.507	0	
	270	2653.6	441.017	0	
	271	2688.24	465.926	0	
	272	2722.88	497.236	0	
	273	2759.03	531.467	0	
	274	2800.14	557.026	0	
	275	2835.35	566.772	0	
	276	2857.17	531.654	0	
	277	2878.98	502.937	0	
	278	2900.8	480.619	0	
	279	2922.62	464.702	0	
	280	2944.44	455.184	0	
	281	2966.26	452.067	0	
	282	2988.08	455.349	0	
	283	3009.89	465.032	0	
	284	3031.71	481.115	0	
	285	3053.53	503.597	0	
	286	3075.35	532.48	0	
	287	3097.17	567.762	0	
	288	3118.99	609.445	0	
	289	3154.36	603.066	0	
	290	3192.42	592.372	0	
	291	3230.47	588.078	0	
	292	3264.47	578.893	0	
	293	3296.16	569.97	0	
	294	3327.84	567.447	0	
	295	3359.53	571.323	0	
	296	3391.22	581.6	0	
	297	3416.79	589.987	0	
	298	3413.83	564.772	0	
	299	3410.88	545.957	0	
	300	3407.92	533.542	0	
	301	3404.97	527.527	0	
	302	3402.01	527.912	0	
	303	3399.06	534.697	0	
	304	3396.1	547.882	0	
	305	3393.15	567.468	0	
	306	3390.19	593.453	0	
	307	3387.1	623.049	0	
	308	3390.56	606.028	0	
	309	3394.01	595.406	0	
	310	3397.47	591.185	0	
	311	3400.92	593.364	0	
	312	3404.38	601.942	0	
	313	3400.76	605.273	0	
	314	3393.72	608.753	0	
	315	3386.68	618.633	0	
	316	3390.55	618.631	0	
	317	3394.89	616.14	0	
	318	3395.69	615.37	0	
	319	3394.37	616.632	0	
	320	3390.93	619.927	0	
	321	3386.92	622.651	0	
	322	3387.4	620.738	0	
	323	3387.16	623.615	0	
	324	3387.15	623.599	0	
	325	3387.15	623.599	0	
	326	3387.15	621.088	0	
	327	3387.15	614.687	0	
	328	3387.15	605.529	0	
	329	3387.15	594.311	0	
	330	3387.15	581.497	0	
	331	3387.15	567.463	0	
	332	3387.15	552.53	0	
	333	3387.15	537.05	0	
	334	3387.15	521.566	0	
	335	3387.15	507.599	0	
	336	3387.15	503.922	0	
	337	3387.15	502.891	0	
	338	3387.15	506.568	0	
	339	3387.15	510.245	0	
	340	3387.15	513.91	0	
	341	3387.15	517.599	0	
	342	3387.15	516.804	0	
	343	3387.15	515.672	0	
	344	3387.15	514.684	0	
	345	3387.15	513.937	0	
	346	3387.15	513.599	0	
	347	3387.15	513.599	0	
	348	3424.97	492.737	0	
	349	3462.8	478.276	0	
	350	3500.63	470.215	0	
	351	3538.45	468.554	0	
	352	3576.28	473.292	0	
	353	3614.11	484.431	0	
	354	3651.93	501.97	0	
	355	3689.76	525.908	0	
	356	3727.58	556.247	0	
	357	3765.41	592.986	0	
	358	3803.58	634.092	0	
	359	3842.23	632.43	0	
	360	3880.87	637.167	0	
	361	3919.51	648.304	0	
	362	3957.6	642.448	0	
	363	3995.69	642.992	0	
	364	4033.78	649.937	0	
	365	4071.87	663.281	0	
	366	4109.96	683.025	0	
	367	4148.04	709.169	0	
	368	4186.13	741.713	0	
	369	4224.22	780.657	0	
	370	4224.22	780.657	0	
	371	4224.22	780.657	0	


End of Keyframe Data
